
CREATE TABLE IF NOT EXISTS `countries` (
  `id` int(10) unsigned NOT NULL AUTO_INCREMENT,
  `name` varchar(50) NOT NULL,
  `shortcode` varchar(3) NOT NULL,
  `lat` decimal(10,7) DEFAULT NULL,
  `lon` decimal(10,7) DEFAULT NULL,
  PRIMARY KEY (`id`),
  UNIQUE KEY `name` (`name`)
) ENGINE=InnoDB AUTO_INCREMENT=49 DEFAULT CHARSET=utf8;

INSERT INTO `countries` (`id`, `name`, `shortcode`, `lat`, `lon`) VALUES
	(1, 'Andora', 'AD', 42.5000000, 1.5000000),
	(2, 'Armēnija', 'ARM', 40.1600000, 44.4700000),
	(3, 'Austrija', 'A', 47.6928623, 12.2247575),
	(4, 'Azerbaidžāna', 'AZ', 40.1489733, 46.5711537),
	(5, 'Baltkrievija', 'BY', 53.6992597, 25.7354082),
	(6, 'Beļģija', 'BE', 50.4974444, 3.3557995),
	(7, 'Bosnija un Hercegovina', 'BA', 43.9130386, 16.5511353),
	(8, 'Bulgārija', 'BG', 42.7218923, 24.3622768),
	(9, 'Čehija', 'CZ', 49.8001305, 14.3539574),
	(10, 'Dānija', 'DK', 56.1382545, 8.1908358),
	(11, 'Francija', 'F', 46.1355006, -2.2778699),
	(12, 'Grieķija', 'GR', 38.2578607, 21.5672488),
	(13, 'Gruzija', 'GEO', 42.3173564, 42.2503303),
	(14, 'Horvātija', 'HR', 44.4534586, 14.2261764),
	(15, 'Igaunija', 'EST', 59.3276939, 24.6575773),
	(16, 'Itālija', 'I', 41.2135949, 8.0852514),
	(17, 'Īrija', 'IRL', 53.4098079, -10.5711461),
	(18, 'Jordānija', 'JO', 31.2773430, 36.0086200),
	(19, 'Kazahstāna', 'KZ', 47.6695098, 57.9368955),
	(20, 'Kipra', 'CY', 35.1695820, 32.8765569),
	(21, 'Kirgizstāna', 'KYZ', 41.2051781, 72.4959083),
	(22, 'Krievija', 'RUS', 55.7204907, 38.0950644),
	(23, 'Lielbritānija', 'UK', 54.2542018, -6.7479713),
	(24, 'Lietuva', 'LT', 55.1700284, 22.7739044),
	(25, 'Lihtenšteina', 'LI', 47.1595664, 9.4135529),
	(26, 'Luksemburga', 'L', 49.8154049, 5.8531443),
	(27, 'Maķedonija', 'MK', 41.1166364, 21.1149574),
	(28, 'Maroka', 'MA', 31.7798318, -9.3280547),
	(29, 'Melnkalne', 'ME', 42.7040658, 18.8352279),
	(30, 'Moldova', 'MD', 46.9767903, 27.2686579),
	(31, 'Nīderlande', 'NL', 52.2093654, 4.1584408),
	(32, 'Norvēģija', 'N', 64.3135318, 8.9511840),
	(33, 'Polija', 'PL', 51.9009877, 16.8921038),
	(34, 'Portugāle', 'P', 39.5397705, -10.0966172),
	(35, 'Rumānija', 'RO', 45.9261712, 22.7668165),
	(36, 'Slovākija', 'SK', 48.6688584, 18.5750908),
	(37, 'Slovēnija', 'SLO', 46.1487659, 14.4256060),
	(38, 'Somija', 'FIN', 64.6541111, 17.1371076),
	(39, 'Spānija', 'E', 40.1301594, -8.2017165),
	(40, 'Šveice', 'CH', 46.8095953, 7.1032237),
	(41, 'Tadžikistāna', 'TJ', 38.8410074, 69.0049910),
	(42, 'Turcija', 'TR', 38.8798662, 30.7525734),
	(43, 'Turkmenistāna', 'TM', 38.9466077, 57.3346112),
	(44, 'Ukraina', 'UA', 48.3030411, 26.6969217),
	(45, 'Ungārija', 'H', 47.1575620, 18.3847713),
	(46, 'Uzbekistāna', 'UZ', 41.3021613, 60.0852519),
	(47, 'Vācija', 'D', 51.0851680, 5.9691361),
	(48, 'Zviedrija', 'S', 61.9190585, 8.6288293);
/*!40000 ALTER TABLE `countries` ENABLE KEYS */;

-- Dumping structure for table test.country_date
CREATE TABLE IF NOT EXISTS `country_date` (
  `country_id` int(10) unsigned NOT NULL,
  `date` date NOT NULL,
  UNIQUE KEY `country_id_date` (`country_id`,`date`)
) ENGINE=InnoDB DEFAULT CHARSET=utf8;

INSERT INTO `country_date` (`country_id`, `date`) VALUES
	(1, '2016-01-01'),
	(1, '2016-02-08'),
	(1, '2016-03-14'),
	(1, '2016-03-25'),
	(1, '2016-03-28'),
	(1, '2016-05-01'),
	(1, '2016-08-15'),
	(1, '2016-09-08'),
	(1, '2016-11-01'),
	(1, '2016-12-08'),
	(1, '2016-12-25'),
	(1, '2016-12-26'),
	(2, '2016-01-01'),
	(2, '2016-01-02'),
	(2, '2016-01-06'),
	(2, '2016-01-28'),
	(2, '2016-03-08'),
	(2, '2016-04-24'),
	(2, '2016-05-01'),
	(2, '2016-05-09'),
	(2, '2016-05-28'),
	(2, '2016-07-05'),
	(2, '2016-09-21'),
	(2, '2016-12-31'),
	(3, '2016-01-01'),
	(3, '2016-03-28'),
	(3, '2016-05-01'),
	(3, '2016-05-05'),
	(3, '2016-05-16'),
	(3, '2016-05-26'),
	(3, '2016-08-15'),
	(3, '2016-10-26'),
	(3, '2016-11-01'),
	(3, '2016-12-08'),
	(3, '2016-12-25'),
	(3, '2016-12-26'),
	(4, '2016-01-01'),
	(4, '2016-03-08'),
	(4, '2016-03-21'),
	(4, '2016-03-22'),
	(4, '2016-03-23'),
	(4, '2016-03-24'),
	(4, '2016-03-25'),
	(4, '2016-03-27'),
	(4, '2016-03-28'),
	(4, '2016-04-27'),
	(4, '2016-05-09'),
	(4, '2016-06-15'),
	(4, '2016-07-07'),
	(4, '2016-07-08'),
	(4, '2016-09-13'),
	(4, '2016-09-14'),
	(4, '2016-10-18'),
	(4, '2016-11-09'),
	(4, '2016-11-14'),
	(4, '2016-11-17'),
	(4, '2016-12-31'),
	(5, '2016-01-01'),
	(5, '2016-01-07'),
	(5, '2016-01-08'),
	(5, '2016-03-07'),
	(5, '2016-05-01'),
	(5, '2016-05-09'),
	(5, '2016-05-10'),
	(5, '2016-07-03'),
	(5, '2016-11-07'),
	(5, '2016-12-25'),
	(6, '2016-01-01'),
	(6, '2016-03-27'),
	(6, '2016-05-01'),
	(6, '2016-05-05'),
	(6, '2016-05-15'),
	(6, '2016-05-16'),
	(6, '2016-07-21'),
	(6, '2016-08-15'),
	(6, '2016-11-01'),
	(6, '2016-12-25'),
	(7, '2016-01-01'),
	(7, '2016-03-01'),
	(7, '2016-05-01'),
	(7, '2016-11-25'),
	(8, '2016-01-01'),
	(8, '2016-03-03'),
	(8, '2016-04-29'),
	(8, '2016-05-01'),
	(8, '2016-05-02'),
	(8, '2016-05-06'),
	(8, '2016-05-23'),
	(8, '2016-05-24'),
	(8, '2016-09-05'),
	(8, '2016-09-06'),
	(8, '2016-09-22'),
	(8, '2016-09-23'),
	(8, '2016-11-01'),
	(8, '2016-12-24'),
	(8, '2016-12-25'),
	(8, '2016-12-26'),
	(9, '2016-01-01'),
	(9, '2016-03-28'),
	(9, '2016-05-01'),
	(9, '2016-07-05'),
	(9, '2016-09-28'),
	(9, '2016-10-28'),
	(9, '2016-11-17'),
	(9, '2016-12-24'),
	(9, '2016-12-25'),
	(9, '2016-12-26'),
	(10, '2016-01-01'),
	(10, '2016-03-24'),
	(10, '2016-03-25'),
	(10, '2016-03-27'),
	(10, '2016-03-28'),
	(10, '2016-04-22'),
	(10, '2016-05-01'),
	(10, '2016-05-05'),
	(10, '2016-05-15'),
	(10, '2016-05-16'),
	(10, '2016-12-25'),
	(11, '2016-01-01'),
	(11, '2016-03-27'),
	(11, '2016-03-28'),
	(11, '2016-05-01'),
	(11, '2016-05-05'),
	(11, '2016-05-08'),
	(11, '2016-05-15'),
	(11, '2016-05-16'),
	(11, '2016-07-14'),
	(11, '2016-08-15'),
	(11, '2016-11-01'),
	(11, '2016-12-25'),
	(12, '2016-01-01'),
	(12, '2016-03-14'),
	(12, '2016-04-29'),
	(12, '2016-05-01'),
	(12, '2016-06-20'),
	(12, '2016-08-15'),
	(12, '2016-10-28'),
	(12, '2016-12-25'),
	(13, '2016-01-01'),
	(13, '2016-01-02'),
	(13, '2016-01-07'),
	(13, '2016-01-19'),
	(13, '2016-03-03'),
	(13, '2016-04-09'),
	(13, '2016-05-01'),
	(13, '2016-05-02'),
	(13, '2016-05-09'),
	(13, '2016-05-26'),
	(13, '2016-08-28'),
	(13, '2016-10-14'),
	(13, '2016-11-23'),
	(14, '2016-01-01'),
	(14, '2016-03-27'),
	(14, '2016-05-01'),
	(14, '2016-06-22'),
	(14, '2016-08-05'),
	(14, '2016-10-08'),
	(14, '2016-11-01'),
	(14, '2016-12-25'),
	(15, '2016-01-01'),
	(15, '2016-02-24'),
	(15, '2016-03-25'),
	(15, '2016-05-01'),
	(15, '2016-06-23'),
	(15, '2016-08-20'),
	(15, '2016-12-24'),
	(15, '2016-12-25'),
	(15, '2016-12-26'),
	(16, '2016-01-01'),
	(16, '2016-03-27'),
	(16, '2016-04-25'),
	(16, '2016-05-01'),
	(16, '2016-06-02'),
	(16, '2016-08-15'),
	(16, '2016-11-01'),
	(16, '2016-12-08'),
	(16, '2016-12-25'),
	(16, '2016-12-26'),
	(17, '2016-01-01'),
	(17, '2016-03-17'),
	(17, '2016-03-25'),
	(17, '2016-03-28'),
	(17, '2016-05-02'),
	(17, '2016-06-06'),
	(17, '2016-08-01'),
	(17, '2016-10-31'),
	(17, '2016-12-25'),
	(18, '2016-01-01'),
	(18, '2016-05-01'),
	(18, '2016-07-00'),
	(18, '2016-07-05'),
	(18, '2016-07-06'),
	(18, '2016-07-07'),
	(18, '2016-07-08'),
	(18, '2016-09-00'),
	(18, '2016-09-11'),
	(18, '2016-09-12'),
	(18, '2016-09-13'),
	(18, '2016-09-14'),
	(18, '2016-09-15'),
	(18, '2016-10-02'),
	(18, '2016-12-11'),
	(19, '2016-01-01'),
	(19, '2016-01-02'),
	(19, '2016-01-07'),
	(19, '2016-03-21'),
	(19, '2016-03-22'),
	(19, '2016-03-23'),
	(19, '2016-05-01'),
	(19, '2016-05-07'),
	(19, '2016-05-09'),
	(19, '2016-07-06'),
	(19, '2016-08-30'),
	(19, '2016-09-13'),
	(19, '2016-12-01'),
	(19, '2016-12-16'),
	(19, '2016-12-17'),
	(20, '2016-01-01'),
	(20, '2016-03-14'),
	(20, '2016-04-01'),
	(20, '2016-05-01'),
	(20, '2016-05-02'),
	(20, '2016-05-03'),
	(20, '2016-06-20'),
	(20, '2016-08-15'),
	(20, '2016-10-01'),
	(20, '2016-12-25'),
	(21, '2016-01-01'),
	(21, '2016-02-23'),
	(21, '2016-03-08'),
	(21, '2016-03-21'),
	(21, '2016-03-24'),
	(21, '2016-05-01'),
	(21, '2016-05-05'),
	(21, '2016-05-09'),
	(21, '2016-07-06'),
	(21, '2016-08-31'),
	(21, '2016-09-12'),
	(21, '2016-11-07'),
	(22, '2016-01-00'),
	(22, '2016-01-01'),
	(22, '2016-01-02'),
	(22, '2016-01-03'),
	(22, '2016-01-04'),
	(22, '2016-01-05'),
	(22, '2016-01-06'),
	(22, '2016-01-07'),
	(22, '2016-01-08'),
	(22, '2016-01-09'),
	(22, '2016-01-10'),
	(22, '2016-02-00'),
	(22, '2016-02-21'),
	(22, '2016-02-22'),
	(22, '2016-02-23'),
	(22, '2016-03-00'),
	(22, '2016-03-05'),
	(22, '2016-03-06'),
	(22, '2016-03-07'),
	(22, '2016-03-08'),
	(22, '2016-04-30'),
	(22, '2016-05-01'),
	(22, '2016-05-02'),
	(22, '2016-05-03'),
	(22, '2016-05-07'),
	(22, '2016-05-08'),
	(22, '2016-05-09'),
	(22, '2016-06-00'),
	(22, '2016-06-11'),
	(22, '2016-06-12'),
	(22, '2016-06-13'),
	(22, '2016-11-00'),
	(22, '2016-11-04'),
	(22, '2016-11-05'),
	(22, '2016-11-06'),
	(23, '2016-01-01'),
	(23, '2016-01-04'),
	(23, '2016-03-17'),
	(23, '2016-03-25'),
	(23, '2016-03-28'),
	(23, '2016-05-02'),
	(23, '2016-07-12'),
	(23, '2016-08-01'),
	(23, '2016-08-29'),
	(23, '2016-11-30'),
	(23, '2016-12-25'),
	(23, '2016-12-26'),
	(23, '2016-12-27'),
	(24, '2016-01-01'),
	(24, '2016-02-16'),
	(24, '2016-03-11'),
	(24, '2016-03-27'),
	(24, '2016-03-28'),
	(24, '2016-05-01'),
	(24, '2016-06-24'),
	(24, '2016-07-06'),
	(24, '2016-08-15'),
	(24, '2016-11-01'),
	(24, '2016-12-24'),
	(24, '2016-12-25'),
	(24, '2016-12-26'),
	(25, '2016-01-01'),
	(25, '2016-02-02'),
	(25, '2016-03-19'),
	(25, '2016-05-01'),
	(25, '2016-05-05'),
	(25, '2016-05-16'),
	(25, '2016-05-26'),
	(25, '2016-08-15'),
	(25, '2016-09-08'),
	(25, '2016-11-01'),
	(25, '2016-12-08'),
	(25, '2016-12-25'),
	(25, '2016-12-26'),
	(26, '2016-01-01'),
	(26, '2016-03-28'),
	(26, '2016-05-01'),
	(26, '2016-05-05'),
	(26, '2016-05-16'),
	(26, '2016-06-23'),
	(26, '2016-08-15'),
	(26, '2016-11-01'),
	(26, '2016-12-25'),
	(26, '2016-12-26'),
	(27, '2016-01-01'),
	(27, '2016-05-01'),
	(27, '2016-05-02'),
	(27, '2016-05-24'),
	(27, '2016-07-07'),
	(27, '2016-08-02'),
	(27, '2016-09-08'),
	(27, '2016-10-11'),
	(27, '2016-10-23'),
	(27, '2016-10-24'),
	(27, '2016-12-08'),
	(28, '2016-01-01'),
	(28, '2016-05-01'),
	(28, '2016-06-07'),
	(28, '2016-07-07'),
	(28, '2016-08-14'),
	(28, '2016-08-20'),
	(28, '2016-08-21'),
	(28, '2016-09-13'),
	(28, '2016-10-03'),
	(28, '2016-11-06'),
	(28, '2016-12-12'),
	(29, '2016-01-01'),
	(29, '2016-01-02'),
	(29, '2016-01-06'),
	(29, '2016-01-07'),
	(29, '2016-01-08'),
	(29, '2016-04-29'),
	(29, '2016-05-01'),
	(29, '2016-05-02'),
	(29, '2016-05-21'),
	(29, '2016-05-22'),
	(29, '2016-05-23'),
	(29, '2016-07-13'),
	(30, '2016-01-01'),
	(30, '2016-01-07'),
	(30, '2016-01-08'),
	(30, '2016-03-08'),
	(30, '2016-05-01'),
	(30, '2016-05-02'),
	(30, '2016-05-09'),
	(30, '2016-08-27'),
	(30, '2016-08-29'),
	(30, '2016-08-31'),
	(30, '2016-12-25'),
	(31, '2016-01-01'),
	(31, '2016-03-25'),
	(31, '2016-03-27'),
	(31, '2016-03-28'),
	(31, '2016-04-27'),
	(31, '2016-05-05'),
	(31, '2016-05-15'),
	(31, '2016-05-16'),
	(31, '2016-12-25'),
	(32, '2016-01-01'),
	(32, '2016-03-20'),
	(32, '2016-03-24'),
	(32, '2016-03-25'),
	(32, '2016-03-27'),
	(32, '2016-05-01'),
	(32, '2016-05-05'),
	(32, '2016-05-15'),
	(32, '2016-05-16'),
	(32, '2016-05-17'),
	(32, '2016-12-25'),
	(33, '2016-01-01'),
	(33, '2016-01-06'),
	(33, '2016-03-27'),
	(33, '2016-05-01'),
	(33, '2016-05-03'),
	(33, '2016-05-15'),
	(33, '2016-05-26'),
	(33, '2016-08-15'),
	(33, '2016-11-01'),
	(33, '2016-12-25'),
	(34, '2016-01-01'),
	(34, '2016-03-25'),
	(34, '2016-04-25'),
	(34, '2016-05-01'),
	(34, '2016-06-10'),
	(34, '2016-08-15'),
	(34, '2016-12-08'),
	(35, '2016-01-01'),
	(35, '2016-05-01'),
	(35, '2016-06-19'),
	(35, '2016-08-15'),
	(35, '2016-11-30'),
	(35, '2016-12-01'),
	(35, '2016-12-25'),
	(35, '2016-12-26'),
	(36, '2016-01-01'),
	(36, '2016-03-25'),
	(36, '2016-05-01'),
	(36, '2016-07-05'),
	(36, '2016-08-29'),
	(36, '2016-09-01'),
	(36, '2016-11-01'),
	(36, '2016-12-24'),
	(36, '2016-12-25'),
	(36, '2016-12-26'),
	(37, '2016-01-01'),
	(37, '2016-02-08'),
	(37, '2016-03-28'),
	(37, '2016-04-27'),
	(37, '2016-05-01'),
	(37, '2016-06-25'),
	(37, '2016-08-15'),
	(37, '2016-10-31'),
	(37, '2016-11-01'),
	(37, '2016-12-25'),
	(38, '2016-01-01'),
	(38, '2016-03-25'),
	(38, '2016-03-27'),
	(38, '2016-03-28'),
	(38, '2016-05-01'),
	(38, '2016-05-05'),
	(38, '2016-05-15'),
	(38, '2016-06-25'),
	(38, '2016-11-05'),
	(38, '2016-12-06'),
	(38, '2016-12-24'),
	(38, '2016-12-25'),
	(38, '2016-12-26'),
	(39, '2016-01-01'),
	(39, '2016-02-29'),
	(39, '2016-03-19'),
	(39, '2016-03-24'),
	(39, '2016-03-28'),
	(39, '2016-04-04'),
	(39, '2016-05-02'),
	(39, '2016-06-04'),
	(39, '2016-06-24'),
	(39, '2016-06-25'),
	(39, '2016-08-15'),
	(39, '2016-09-08'),
	(39, '2016-09-11'),
	(39, '2016-09-15'),
	(39, '2016-09-25'),
	(39, '2016-10-09'),
	(39, '2016-11-01'),
	(39, '2016-12-08'),
	(39, '2016-12-25'),
	(39, '2016-12-26'),
	(40, '2016-01-01'),
	(40, '2016-03-25'),
	(40, '2016-05-05'),
	(40, '2016-08-01'),
	(40, '2016-12-25'),
	(41, '2016-01-01'),
	(41, '2016-03-08'),
	(41, '2016-03-21'),
	(41, '2016-03-22'),
	(41, '2016-03-23'),
	(41, '2016-03-24'),
	(41, '2016-05-01'),
	(41, '2016-06-27'),
	(41, '2016-07-06'),
	(41, '2016-09-09'),
	(41, '2016-09-12'),
	(41, '2016-11-06'),
	(42, '2016-01-01'),
	(42, '2016-04-23'),
	(42, '2016-05-01'),
	(42, '2016-07-04'),
	(42, '2016-07-05'),
	(42, '2016-07-06'),
	(42, '2016-07-07'),
	(42, '2016-07-08'),
	(42, '2016-08-30'),
	(42, '2016-09-11'),
	(42, '2016-09-12'),
	(42, '2016-09-13'),
	(42, '2016-09-14'),
	(42, '2016-09-15'),
	(42, '2016-09-16'),
	(42, '2016-10-28'),
	(42, '2016-10-29'),
	(43, '2016-01-01'),
	(43, '2016-02-19'),
	(43, '2016-03-08'),
	(43, '2016-03-21'),
	(43, '2016-03-22'),
	(43, '2016-05-09'),
	(43, '2016-10-06'),
	(43, '2016-10-27'),
	(43, '2016-10-28'),
	(43, '2016-12-12'),
	(44, '2016-01-01'),
	(44, '2016-03-07'),
	(44, '2016-05-01'),
	(44, '2016-05-02'),
	(44, '2016-05-09'),
	(44, '2016-06-19'),
	(44, '2016-08-24'),
	(44, '2016-10-14'),
	(45, '2016-01-01'),
	(45, '2016-03-15'),
	(45, '2016-03-27'),
	(45, '2016-03-28'),
	(45, '2016-05-01'),
	(45, '2016-05-15'),
	(45, '2016-05-16'),
	(45, '2016-08-20'),
	(45, '2016-10-23'),
	(45, '2016-11-01'),
	(45, '2016-12-25'),
	(46, '2016-01-01'),
	(46, '2016-03-08'),
	(46, '2016-05-09'),
	(46, '2016-07-18'),
	(46, '2016-09-01'),
	(46, '2016-10-01'),
	(46, '2016-12-08'),
	(47, '2016-01-01'),
	(47, '2016-03-25'),
	(47, '2016-03-27'),
	(47, '2016-03-28'),
	(47, '2016-05-01'),
	(47, '2016-05-05'),
	(47, '2016-05-16'),
	(47, '2016-05-26'),
	(47, '2016-10-03'),
	(47, '2016-11-01'),
	(47, '2016-12-25'),
	(48, '2016-01-01'),
	(48, '2016-03-00'),
	(48, '2016-03-25'),
	(48, '2016-03-26'),
	(48, '2016-03-27'),
	(48, '2016-03-28'),
	(48, '2016-05-01'),
	(48, '2016-05-05'),
	(48, '2016-05-14'),
	(48, '2016-05-15'),
	(48, '2016-06-06'),
	(48, '2016-06-24'),
	(48, '2016-06-25'),
	(48, '2016-11-05'),
	(48, '2016-12-24'),
	(48, '2016-12-25'),
	(48, '2016-12-26'),
	(48, '2016-12-31');

CREATE TABLE IF NOT EXISTS `country_distance` (
  `country_from_id` int(10) unsigned DEFAULT NULL,
  `country_to_id` int(10) unsigned DEFAULT NULL,
  `distance` int(10) unsigned DEFAULT NULL,
  UNIQUE KEY `country_from_id_country_to_id` (`country_from_id`,`country_to_id`),
  KEY `distance` (`distance`)
) ENGINE=InnoDB DEFAULT CHARSET=utf8;

INSERT INTO `country_distance` (`country_from_id`, `country_to_id`, `distance`) VALUES
	(1, 1, 0),
	(1, 2, 3559),
	(1, 3, 1019),
	(1, 4, 3728),
	(1, 5, 2171),
	(1, 6, 900),
	(1, 7, 1228),
	(1, 8, 1865),
	(1, 9, 1277),
	(1, 10, 1590),
	(1, 11, 504),
	(1, 12, 1759),
	(1, 13, 3313),
	(1, 14, 1048),
	(1, 15, 2452),
	(1, 16, 564),
	(1, 17, 1506),
	(1, 18, 3285),
	(1, 19, 4369),
	(1, 20, 2819),
	(1, 21, 5701),
	(1, 22, 2993),
	(1, 23, 1440),
	(1, 24, 2084),
	(1, 25, 810),
	(1, 26, 879),
	(1, 27, 1629),
	(1, 28, 1528),
	(1, 29, 1417),
	(1, 30, 2085),
	(1, 31, 1098),
	(1, 32, 2471),
	(1, 33, 1558),
	(1, 34, 1026),
	(1, 35, 1732),
	(1, 36, 1491),
	(1, 37, 1104),
	(1, 38, 2654),
	(1, 39, 851),
	(1, 40, 652),
	(1, 41, 5555),
	(1, 42, 2486),
	(1, 43, 4636),
	(1, 44, 2059),
	(1, 45, 1425),
	(1, 46, 4751),
	(1, 47, 1013),
	(1, 48, 2210),
	(2, 1, 3559),
	(2, 2, 0),
	(2, 3, 2692),
	(2, 4, 179),
	(2, 5, 2059),
	(2, 6, 3363),
	(2, 7, 2332),
	(2, 8, 1696),
	(2, 9, 2577),
	(2, 10, 3169),
	(2, 11, 3794),
	(2, 12, 1979),
	(2, 13, 303),
	(2, 14, 2517),
	(2, 15, 2541),
	(2, 16, 3048),
	(2, 17, 4319),
	(2, 18, 1247),
	(2, 19, 1361),
	(2, 20, 1160),
	(2, 21, 2356),
	(2, 22, 1792),
	(2, 23, 4067),
	(2, 24, 2310),
	(2, 25, 2899),
	(2, 26, 3180),
	(2, 27, 1968),
	(2, 28, 4856),
	(2, 29, 2147),
	(2, 30, 1575),
	(2, 31, 3326),
	(2, 32, 3525),
	(2, 33, 2475),
	(2, 34, 4583),
	(2, 35, 1869),
	(2, 36, 2249),
	(2, 37, 2510),
	(2, 38, 3240),
	(2, 39, 4408),
	(2, 40, 3073),
	(2, 41, 2104),
	(2, 42, 1184),
	(2, 43, 1110),
	(2, 44, 1675),
	(2, 45, 2225),
	(2, 46, 1320),
	(2, 47, 3187),
	(2, 48, 3404),
	(3, 1, 1019),
	(3, 2, 2692),
	(3, 3, 0),
	(3, 4, 2849),
	(3, 5, 1160),
	(3, 6, 716),
	(3, 7, 538),
	(3, 8, 1098),
	(3, 9, 282),
	(3, 10, 979),
	(3, 11, 1113),
	(3, 12, 1293),
	(3, 13, 2418),
	(3, 14, 392),
	(3, 15, 1527),
	(3, 16, 792),
	(3, 17, 1722),
	(3, 18, 2718),
	(3, 19, 3371),
	(3, 20, 2202),
	(3, 21, 4716),
	(3, 22, 1978),
	(3, 23, 1509),
	(3, 24, 1105),
	(3, 25, 220),
	(3, 26, 523),
	(3, 27, 1015),
	(3, 28, 2538),
	(3, 29, 758),
	(3, 30, 1135),
	(3, 31, 764),
	(3, 32, 1859),
	(3, 33, 575),
	(3, 34, 2003),
	(3, 35, 825),
	(3, 36, 483),
	(3, 37, 240),
	(3, 38, 1909),
	(3, 39, 1832),
	(3, 40, 399),
	(3, 41, 4595),
	(3, 42, 1784),
	(3, 43, 3720),
	(3, 44, 1077),
	(3, 45, 467),
	(3, 46, 3799),
	(3, 47, 589),
	(3, 48, 1598),
	(4, 1, 3728),
	(4, 2, 179),
	(4, 3, 2849),
	(4, 4, 0),
	(4, 5, 2170),
	(4, 6, 3512),
	(4, 7, 2500),
	(4, 8, 1868),
	(4, 9, 2725),
	(4, 10, 3294),
	(4, 11, 3955),
	(4, 12, 2158),
	(4, 13, 434),
	(4, 14, 2685),
	(4, 15, 2625),
	(4, 16, 3221),
	(4, 17, 4459),
	(4, 18, 1370),
	(4, 19, 1234),
	(4, 20, 1325),
	(4, 21, 2181),
	(4, 22, 1840),
	(4, 23, 4204),
	(4, 24, 2420),
	(4, 25, 3058),
	(4, 26, 3331),
	(4, 27, 2143),
	(4, 28, 5033),
	(4, 29, 2319),
	(4, 30, 1724),
	(4, 31, 3469),
	(4, 32, 3613),
	(4, 33, 2611),
	(4, 34, 4753),
	(4, 35, 2029),
	(4, 36, 2400),
	(4, 37, 2672),
	(4, 38, 3315),
	(4, 39, 4579),
	(4, 40, 3233),
	(4, 41, 1925),
	(4, 42, 1362),
	(4, 43, 932),
	(4, 44, 1817),
	(4, 45, 2382),
	(4, 46, 1145),
	(4, 47, 3333),
	(4, 48, 3503),
	(5, 1, 2171),
	(5, 2, 2059),
	(5, 3, 1160),
	(5, 4, 2170),
	(5, 5, 0),
	(5, 6, 1563),
	(5, 7, 1277),
	(5, 8, 1225),
	(5, 9, 894),
	(5, 10, 1150),
	(5, 11, 2157),
	(5, 12, 1746),
	(5, 13, 1756),
	(5, 14, 1323),
	(5, 15, 629),
	(5, 16, 1910),
	(5, 17, 2372),
	(5, 18, 2625),
	(5, 19, 2343),
	(5, 20, 2134),
	(5, 21, 3700),
	(5, 22, 824),
	(5, 23, 2106),
	(5, 24, 252),
	(5, 25, 1361),
	(5, 26, 1429),
	(5, 27, 1441),
	(5, 28, 3696),
	(5, 29, 1324),
	(5, 30, 755),
	(5, 31, 1449),
	(5, 32, 1512),
	(5, 33, 627),
	(5, 34, 3110),
	(5, 35, 890),
	(5, 36, 749),
	(5, 37, 1164),
	(5, 38, 1310),
	(5, 39, 2946),
	(5, 40, 1524),
	(5, 41, 3640),
	(5, 42, 1691),
	(5, 43, 2891),
	(5, 44, 604),
	(5, 45, 894),
	(5, 46, 2886),
	(5, 47, 1368),
	(5, 48, 1357),
	(6, 1, 900),
	(6, 2, 3363),
	(6, 3, 716),
	(6, 4, 3512),
	(6, 5, 1563),
	(6, 6, 0),
	(6, 7, 1234),
	(6, 8, 1814),
	(6, 9, 787),
	(6, 10, 704),
	(6, 11, 639),
	(6, 12, 1977),
	(6, 13, 3078),
	(6, 14, 1056),
	(6, 15, 1667),
	(6, 16, 1095),
	(6, 17, 1006),
	(6, 18, 3433),
	(6, 19, 3897),
	(6, 20, 2918),
	(6, 21, 5255),
	(6, 22, 2363),
	(6, 23, 802),
	(6, 24, 1398),
	(6, 25, 578),
	(6, 26, 193),
	(6, 27, 1720),
	(6, 28, 2329),
	(6, 29, 1461),
	(6, 30, 1788),
	(6, 31, 198),
	(6, 32, 1571),
	(6, 33, 955),
	(6, 34, 1608),
	(6, 35, 1520),
	(6, 36, 1114),
	(6, 37, 949),
	(6, 38, 1767),
	(6, 39, 1461),
	(6, 40, 494),
	(6, 41, 5172),
	(6, 42, 2500),
	(6, 43, 4349),
	(6, 44, 1699),
	(6, 45, 1159),
	(6, 46, 4394),
	(6, 47, 195),
	(6, 48, 1310),
	(7, 1, 1228),
	(7, 2, 2332),
	(7, 3, 538),
	(7, 4, 2500),
	(7, 5, 1277),
	(7, 6, 1234),
	(7, 7, 0),
	(7, 8, 645),
	(7, 9, 676),
	(7, 10, 1482),
	(7, 11, 1497),
	(7, 12, 756),
	(7, 13, 2085),
	(7, 14, 195),
	(7, 15, 1800),
	(7, 16, 755),
	(7, 17, 2235),
	(7, 18, 2207),
	(7, 19, 3197),
	(7, 20, 1699),
	(7, 21, 4503),
	(7, 22, 2013),
	(7, 23, 2035),
	(7, 24, 1329),
	(7, 25, 662),
	(7, 26, 1043),
	(7, 27, 486),
	(7, 28, 2626),
	(7, 29, 229),
	(7, 30, 902),
	(7, 31, 1300),
	(7, 32, 2318),
	(7, 33, 889),
	(7, 34, 2254),
	(7, 35, 538),
	(7, 36, 551),
	(7, 37, 299),
	(7, 38, 2307),
	(7, 39, 2079),
	(7, 40, 805),
	(7, 41, 4339),
	(7, 42, 1308),
	(7, 43, 3409),
	(7, 44, 921),
	(7, 45, 388),
	(7, 46, 3533),
	(7, 47, 1124),
	(7, 48, 2068),
	(8, 1, 1865),
	(8, 2, 1696),
	(8, 3, 1098),
	(8, 4, 1868),
	(8, 5, 1225),
	(8, 6, 1814),
	(8, 7, 645),
	(8, 8, 0),
	(8, 9, 1099),
	(8, 10, 1886),
	(8, 11, 2139),
	(8, 12, 550),
	(8, 13, 1464),
	(8, 14, 838),
	(8, 15, 1847),
	(8, 16, 1354),
	(8, 17, 2818),
	(8, 18, 1637),
	(8, 19, 2666),
	(8, 20, 1116),
	(8, 21, 3929),
	(8, 22, 1749),
	(8, 23, 2597),
	(8, 24, 1389),
	(8, 25, 1273),
	(8, 26, 1621),
	(8, 27, 323),
	(8, 28, 3194),
	(8, 29, 451),
	(8, 30, 526),
	(8, 31, 1839),
	(8, 32, 2592),
	(8, 33, 1164),
	(8, 34, 2887),
	(8, 35, 378),
	(8, 36, 799),
	(8, 37, 875),
	(8, 38, 2481),
	(8, 39, 2713),
	(8, 40, 1433),
	(8, 41, 3740),
	(8, 42, 687),
	(8, 43, 2787),
	(8, 44, 647),
	(8, 45, 681),
	(8, 46, 2934),
	(8, 47, 1671),
	(8, 48, 2373),
	(9, 1, 1277),
	(9, 2, 2577),
	(9, 3, 282),
	(9, 4, 2725),
	(9, 5, 894),
	(9, 6, 787),
	(9, 7, 676),
	(9, 8, 1099),
	(9, 9, 0),
	(9, 10, 816),
	(9, 11, 1300),
	(9, 12, 1405),
	(9, 13, 2291),
	(9, 14, 595),
	(9, 15, 1247),
	(9, 16, 1072),
	(9, 17, 1758),
	(9, 18, 2735),
	(9, 19, 3160),
	(9, 20, 2214),
	(9, 21, 4513),
	(9, 22, 1717),
	(9, 23, 1519),
	(9, 24, 824),
	(9, 25, 468),
	(9, 26, 610),
	(9, 27, 1099),
	(9, 28, 2803),
	(9, 29, 861),
	(9, 30, 1002),
	(9, 31, 761),
	(9, 32, 1645),
	(9, 33, 294),
	(9, 34, 2230),
	(9, 35, 761),
	(9, 36, 331),
	(9, 37, 406),
	(9, 38, 1660),
	(9, 39, 2063),
	(9, 40, 631),
	(9, 41, 4410),
	(9, 42, 1775),
	(9, 43, 3566),
	(9, 44, 914),
	(9, 45, 418),
	(9, 46, 3623),
	(9, 47, 610),
	(9, 48, 1393),
	(10, 1, 1590),
	(10, 2, 3169),
	(10, 3, 979),
	(10, 4, 3294),
	(10, 5, 1150),
	(10, 6, 704),
	(10, 7, 1482),
	(10, 8, 1886),
	(10, 9, 816),
	(10, 10, 0),
	(10, 11, 1327),
	(10, 12, 2221),
	(10, 13, 2868),
	(10, 14, 1367),
	(10, 15, 1037),
	(10, 16, 1660),
	(10, 17, 1237),
	(10, 18, 3507),
	(10, 19, 3457),
	(10, 20, 2986),
	(10, 21, 4805),
	(10, 22, 1849),
	(10, 23, 969),
	(10, 24, 919),
	(10, 25, 1002),
	(10, 26, 720),
	(10, 27, 1914),
	(10, 28, 3030),
	(10, 29, 1676),
	(10, 30, 1657),
	(10, 31, 509),
	(10, 32, 910),
	(10, 33, 737),
	(10, 34, 2280),
	(10, 35, 1520),
	(10, 36, 1087),
	(10, 37, 1192),
	(10, 38, 1065),
	(10, 39, 2144),
	(10, 40, 1040),
	(10, 41, 4771),
	(10, 42, 2537),
	(10, 43, 4041),
	(10, 44, 1525),
	(10, 45, 1219),
	(10, 46, 4031),
	(10, 47, 581),
	(10, 48, 643),
	(11, 1, 504),
	(11, 2, 3794),
	(11, 3, 1113),
	(11, 4, 3955),
	(11, 5, 2157),
	(11, 6, 639),
	(11, 7, 1497),
	(11, 8, 2139),
	(11, 9, 1300),
	(11, 10, 1327),
	(11, 11, 0),
	(11, 12, 2140),
	(11, 13, 3527),
	(11, 14, 1302),
	(11, 15, 2305),
	(11, 16, 996),
	(11, 17, 1003),
	(11, 18, 3663),
	(11, 19, 4460),
	(11, 20, 3174),
	(11, 21, 5813),
	(11, 22, 2973),
	(11, 23, 957),
	(11, 24, 2016),
	(11, 25, 899),
	(11, 26, 730),
	(11, 27, 1956),
	(11, 28, 1707),
	(11, 29, 1714),
	(11, 30, 2248),
	(11, 31, 821),
	(11, 32, 2136),
	(11, 33, 1532),
	(11, 34, 971),
	(11, 35, 1926),
	(11, 36, 1589),
	(11, 37, 1285),
	(11, 38, 2374),
	(11, 39, 822),
	(11, 40, 722),
	(11, 41, 5703),
	(11, 42, 2802),
	(11, 43, 4833),
	(11, 44, 2188),
	(11, 45, 1577),
	(11, 46, 4911),
	(11, 47, 818),
	(11, 48, 1888),
	(12, 1, 1759),
	(12, 2, 1979),
	(12, 3, 1293),
	(12, 4, 2158),
	(12, 5, 1746),
	(12, 6, 1977),
	(12, 7, 756),
	(12, 8, 550),
	(12, 9, 1405),
	(12, 10, 2221),
	(12, 11, 2140),
	(12, 12, 0),
	(12, 13, 1806),
	(12, 14, 921),
	(12, 15, 2353),
	(12, 16, 1197),
	(12, 17, 2967),
	(12, 18, 1528),
	(12, 19, 3105),
	(12, 20, 1064),
	(12, 21, 4305),
	(12, 22, 2298),
	(12, 23, 2779),
	(12, 24, 1883),
	(12, 25, 1399),
	(12, 26, 1790),
	(12, 27, 320),
	(12, 28, 2890),
	(12, 29, 546),
	(12, 30, 1075),
	(12, 31, 2054),
	(12, 32, 3014),
	(12, 33, 1560),
	(12, 34, 2730),
	(12, 35, 858),
	(12, 36, 1182),
	(12, 37, 1055),
	(12, 38, 2949),
	(12, 39, 2562),
	(12, 40, 1515),
	(12, 41, 4078),
	(12, 42, 801),
	(12, 43, 3089),
	(12, 44, 1191),
	(12, 45, 1023),
	(12, 46, 3282),
	(12, 47, 1878),
	(12, 48, 2776),
	(13, 1, 3313),
	(13, 2, 303),
	(13, 3, 2418),
	(13, 4, 434),
	(13, 5, 1756),
	(13, 6, 3078),
	(13, 7, 2085),
	(13, 8, 1464),
	(13, 9, 2291),
	(13, 10, 2868),
	(13, 11, 3527),
	(13, 12, 1806),
	(13, 13, 0),
	(13, 14, 2266),
	(13, 15, 2244),
	(13, 16, 2817),
	(13, 17, 4026),
	(13, 18, 1347),
	(13, 19, 1366),
	(13, 20, 1136),
	(13, 21, 2498),
	(13, 22, 1520),
	(13, 23, 3772),
	(13, 24, 2007),
	(13, 25, 2628),
	(13, 26, 2897),
	(13, 27, 1755),
	(13, 28, 4651),
	(13, 29, 1914),
	(13, 30, 1291),
	(13, 31, 3035),
	(13, 32, 3225),
	(13, 33, 2179),
	(13, 34, 4339),
	(13, 35, 1602),
	(13, 36, 1966),
	(13, 37, 2245),
	(13, 38, 2945),
	(13, 39, 4164),
	(13, 40, 2805),
	(13, 41, 2283),
	(13, 42, 1042),
	(13, 43, 1325),
	(13, 44, 1383),
	(13, 45, 1952),
	(13, 46, 1480),
	(13, 47, 2899),
	(13, 48, 3102),
	(14, 1, 1048),
	(14, 2, 2517),
	(14, 3, 392),
	(14, 4, 2685),
	(14, 5, 1323),
	(14, 6, 1056),
	(14, 7, 195),
	(14, 8, 838),
	(14, 9, 595),
	(14, 10, 1367),
	(14, 11, 1302),
	(14, 12, 921),
	(14, 13, 2266),
	(14, 14, 0),
	(14, 15, 1797),
	(14, 16, 617),
	(14, 17, 2052),
	(14, 18, 2396),
	(14, 19, 3346),
	(14, 20, 1891),
	(14, 21, 4664),
	(14, 22, 2097),
	(14, 23, 1858),
	(14, 24, 1338),
	(14, 25, 479),
	(14, 26, 869),
	(14, 27, 673),
	(14, 28, 2482),
	(14, 29, 419),
	(14, 30, 1049),
	(14, 31, 1137),
	(14, 32, 2233),
	(14, 33, 851),
	(14, 34, 2074),
	(14, 35, 689),
	(14, 36, 574),
	(14, 37, 189),
	(14, 38, 2253),
	(14, 39, 1900),
	(14, 40, 612),
	(14, 41, 4509),
	(14, 42, 1503),
	(14, 43, 3588),
	(14, 44, 1046),
	(14, 45, 441),
	(14, 46, 3704),
	(14, 47, 960),
	(14, 48, 1976),
	(15, 1, 2452),
	(15, 2, 2541),
	(15, 3, 1527),
	(15, 4, 2625),
	(15, 5, 629),
	(15, 6, 1667),
	(15, 7, 1800),
	(15, 8, 1847),
	(15, 9, 1247),
	(15, 10, 1037),
	(15, 11, 2305),
	(15, 12, 2353),
	(15, 13, 2244),
	(15, 14, 1797),
	(15, 15, 0),
	(15, 16, 2319),
	(15, 17, 2237),
	(15, 18, 3233),
	(15, 19, 2516),
	(15, 20, 2752),
	(15, 21, 3835),
	(15, 22, 895),
	(15, 23, 1973),
	(15, 24, 476),
	(15, 25, 1683),
	(15, 26, 1599),
	(15, 27, 2040),
	(15, 28, 3965),
	(15, 29, 1891),
	(15, 30, 1384),
	(15, 31, 1498),
	(15, 32, 990),
	(15, 33, 958),
	(15, 34, 3275),
	(15, 35, 1495),
	(15, 36, 1249),
	(15, 37, 1615),
	(15, 38, 710),
	(15, 39, 3126),
	(15, 40, 1809),
	(15, 41, 3843),
	(15, 42, 2314),
	(15, 43, 3225),
	(15, 44, 1233),
	(15, 45, 1415),
	(15, 46, 3154),
	(15, 47, 1490),
	(15, 48, 918),
	(16, 1, 564),
	(16, 2, 3048),
	(16, 3, 792),
	(16, 4, 3221),
	(16, 5, 1910),
	(16, 6, 1095),
	(16, 7, 755),
	(16, 8, 1354),
	(16, 9, 1072),
	(16, 10, 1660),
	(16, 11, 996),
	(16, 12, 1197),
	(16, 13, 2817),
	(16, 14, 617),
	(16, 15, 2319),
	(16, 16, 0),
	(16, 17, 1943),
	(16, 18, 2721),
	(16, 19, 3952),
	(16, 20, 2259),
	(16, 21, 5257),
	(16, 22, 2703),
	(16, 23, 1818),
	(16, 24, 1887),
	(16, 25, 670),
	(16, 26, 972),
	(16, 27, 1090),
	(16, 28, 1871),
	(16, 29, 904),
	(16, 30, 1655),
	(16, 31, 1258),
	(16, 32, 2569),
	(16, 33, 1364),
	(16, 34, 1548),
	(16, 35, 1291),
	(16, 36, 1168),
	(16, 37, 749),
	(16, 38, 2670),
	(16, 39, 1377),
	(16, 40, 627),
	(16, 41, 5085),
	(16, 42, 1941),
	(16, 43, 4141),
	(16, 44, 1662),
	(16, 45, 1053),
	(16, 46, 4279),
	(16, 47, 1110),
	(16, 48, 2303),
	(17, 1, 1506),
	(17, 2, 4319),
	(17, 3, 1722),
	(17, 4, 4459),
	(17, 5, 2372),
	(17, 6, 1006),
	(17, 7, 2235),
	(17, 8, 2818),
	(17, 9, 1758),
	(17, 10, 1237),
	(17, 11, 1003),
	(17, 12, 2967),
	(17, 13, 4026),
	(17, 14, 2052),
	(17, 15, 2237),
	(17, 16, 1943),
	(17, 17, 0),
	(17, 18, 4438),
	(17, 19, 4694),
	(17, 20, 3924),
	(17, 21, 6042),
	(17, 22, 3083),
	(17, 23, 268),
	(17, 24, 2152),
	(17, 25, 1574),
	(17, 26, 1199),
	(17, 27, 2722),
	(17, 28, 2407),
	(17, 29, 2464),
	(17, 30, 2751),
	(17, 31, 997),
	(17, 32, 1639),
	(17, 33, 1848),
	(17, 34, 1543),
	(17, 35, 2512),
	(17, 36, 2089),
	(17, 37, 1955),
	(17, 38, 1991),
	(17, 39, 1487),
	(17, 40, 1453),
	(17, 41, 6006),
	(17, 42, 3505),
	(17, 43, 5251),
	(17, 44, 2645),
	(17, 45, 2154),
	(17, 46, 5258),
	(17, 47, 1152),
	(17, 48, 1473),
	(18, 1, 3285),
	(18, 2, 1247),
	(18, 3, 2718),
	(18, 4, 1370),
	(18, 5, 2625),
	(18, 6, 3433),
	(18, 7, 2207),
	(18, 8, 1637),
	(18, 9, 2735),
	(18, 10, 3507),
	(18, 11, 3663),
	(18, 12, 1528),
	(18, 13, 1347),
	(18, 14, 2396),
	(18, 15, 3233),
	(18, 16, 2721),
	(18, 17, 4438),
	(18, 18, 0),
	(18, 19, 2603),
	(18, 20, 522),
	(18, 21, 3424),
	(18, 22, 2723),
	(18, 23, 4226),
	(18, 24, 2854),
	(18, 25, 2869),
	(18, 26, 3240),
	(18, 27, 1723),
	(18, 28, 4265),
	(18, 29, 1978),
	(18, 30, 1899),
	(18, 31, 3472),
	(18, 32, 4123),
	(18, 33, 2772),
	(18, 34, 4231),
	(18, 35, 1988),
	(18, 36, 2426),
	(18, 37, 2483),
	(18, 38, 3933),
	(18, 39, 4068),
	(18, 40, 3008),
	(18, 41, 3100),
	(18, 42, 971),
	(18, 43, 2112),
	(18, 44, 2050),
	(18, 45, 2318),
	(18, 46, 2417),
	(18, 47, 3301),
	(18, 48, 3934),
	(19, 1, 4369),
	(19, 2, 1361),
	(19, 3, 3371),
	(19, 4, 1234),
	(19, 5, 2343),
	(19, 6, 3897),
	(19, 7, 3197),
	(19, 8, 2666),
	(19, 9, 3160),
	(19, 10, 3457),
	(19, 11, 4460),
	(19, 12, 3105),
	(19, 13, 1366),
	(19, 14, 3346),
	(19, 15, 2516),
	(19, 16, 3952),
	(19, 17, 4694),
	(19, 18, 2603),
	(19, 19, 0),
	(19, 20, 2492),
	(19, 21, 1358),
	(19, 22, 1626),
	(19, 23, 4426),
	(19, 24, 2545),
	(19, 25, 3591),
	(19, 26, 3749),
	(19, 27, 2985),
	(19, 28, 5823),
	(19, 29, 3080),
	(19, 30, 2298),
	(19, 31, 3792),
	(19, 32, 3440),
	(19, 33, 2944),
	(19, 34, 5374),
	(19, 35, 2661),
	(19, 36, 2889),
	(19, 37, 3266),
	(19, 38, 3067),
	(19, 39, 5202),
	(19, 40, 3769),
	(19, 41, 1327),
	(19, 42, 2392),
	(19, 43, 971),
	(19, 44, 2310),
	(19, 45, 2944),
	(19, 46, 728),
	(19, 47, 3703),
	(19, 48, 3425),
	(20, 1, 2819),
	(20, 2, 1160),
	(20, 3, 2202),
	(20, 4, 1325),
	(20, 5, 2134),
	(20, 6, 2918),
	(20, 7, 1699),
	(20, 8, 1116),
	(20, 9, 2214),
	(20, 10, 2986),
	(20, 11, 3174),
	(20, 12, 1064),
	(20, 13, 1136),
	(20, 14, 1891),
	(20, 15, 2752),
	(20, 16, 2259),
	(20, 17, 3924),
	(20, 18, 522),
	(20, 19, 2492),
	(20, 20, 0),
	(20, 21, 3496),
	(20, 22, 2320),
	(20, 23, 3708),
	(20, 24, 2355),
	(20, 25, 2359),
	(20, 26, 2725),
	(20, 27, 1221),
	(20, 28, 3904),
	(20, 29, 1472),
	(20, 30, 1394),
	(20, 31, 2953),
	(20, 32, 3619),
	(20, 33, 2252),
	(20, 34, 3793),
	(20, 35, 1467),
	(20, 36, 1905),
	(20, 37, 1970),
	(20, 38, 3445),
	(20, 39, 3626),
	(20, 40, 2504),
	(20, 41, 3213),
	(20, 42, 454),
	(20, 43, 2204),
	(20, 44, 1546),
	(20, 45, 1797),
	(20, 46, 2461),
	(20, 47, 2783),
	(20, 48, 3424),
	(21, 1, 5701),
	(21, 2, 2356),
	(21, 3, 4716),
	(21, 4, 2181),
	(21, 5, 3700),
	(21, 6, 5255),
	(21, 7, 4503),
	(21, 8, 3929),
	(21, 9, 4513),
	(21, 10, 4805),
	(21, 11, 5813),
	(21, 12, 4305),
	(21, 13, 2498),
	(21, 14, 4664),
	(21, 15, 3835),
	(21, 16, 5257),
	(21, 17, 6042),
	(21, 18, 3424),
	(21, 19, 1358),
	(21, 20, 3496),
	(21, 21, 0),
	(21, 22, 2960),
	(21, 23, 5774),
	(21, 24, 3899),
	(21, 25, 4936),
	(21, 26, 5105),
	(21, 27, 4236),
	(21, 28, 7120),
	(21, 29, 4364),
	(21, 30, 3617),
	(21, 31, 5149),
	(21, 32, 4710),
	(21, 33, 4301),
	(21, 34, 6714),
	(21, 35, 3975),
	(21, 36, 4233),
	(21, 37, 4598),
	(21, 38, 4324),
	(21, 39, 6542),
	(21, 40, 5115),
	(21, 41, 397),
	(21, 42, 3529),
	(21, 43, 1312),
	(21, 44, 3645),
	(21, 45, 4278),
	(21, 46, 1037),
	(21, 47, 5060),
	(21, 48, 4727),
	(22, 1, 2993),
	(22, 2, 1792),
	(22, 3, 1978),
	(22, 4, 1840),
	(22, 5, 824),
	(22, 6, 2363),
	(22, 7, 2013),
	(22, 8, 1749),
	(22, 9, 1717),
	(22, 10, 1849),
	(22, 11, 2973),
	(22, 12, 2298),
	(22, 13, 1520),
	(22, 14, 2097),
	(22, 15, 895),
	(22, 16, 2703),
	(22, 17, 3083),
	(22, 18, 2723),
	(22, 19, 1626),
	(22, 20, 2320),
	(22, 21, 2960),
	(22, 22, 0),
	(22, 23, 2815),
	(22, 24, 966),
	(22, 25, 2183),
	(22, 26, 2243),
	(22, 27, 2040),
	(22, 28, 4516),
	(22, 29, 2000),
	(22, 30, 1226),
	(22, 31, 2231),
	(22, 32, 1856),
	(22, 33, 1449),
	(22, 34, 3931),
	(22, 35, 1525),
	(22, 36, 1537),
	(22, 37, 1956),
	(22, 38, 1513),
	(22, 39, 3768),
	(22, 40, 2347),
	(22, 41, 2951),
	(22, 42, 1950),
	(22, 43, 2346),
	(22, 44, 1132),
	(22, 45, 1656),
	(22, 46, 2260),
	(22, 47, 2170),
	(22, 48, 1811),
	(23, 1, 1440),
	(23, 2, 4067),
	(23, 3, 1509),
	(23, 4, 4204),
	(23, 5, 2106),
	(23, 6, 802),
	(23, 7, 2035),
	(23, 8, 2597),
	(23, 9, 1519),
	(23, 10, 969),
	(23, 11, 957),
	(23, 12, 2779),
	(23, 13, 3772),
	(23, 14, 1858),
	(23, 15, 1973),
	(23, 16, 1818),
	(23, 17, 268),
	(23, 18, 4226),
	(23, 19, 4426),
	(23, 20, 3708),
	(23, 21, 5774),
	(23, 22, 2815),
	(23, 23, 0),
	(23, 24, 1885),
	(23, 25, 1380),
	(23, 26, 991),
	(23, 27, 2520),
	(23, 28, 2507),
	(23, 29, 2261),
	(23, 30, 2504),
	(23, 31, 760),
	(23, 32, 1422),
	(23, 33, 1593),
	(23, 34, 1655),
	(23, 35, 2279),
	(23, 36, 1849),
	(23, 37, 1746),
	(23, 38, 1758),
	(23, 39, 1574),
	(23, 40, 1278),
	(23, 41, 5739),
	(23, 42, 3282),
	(23, 43, 4989),
	(23, 44, 2393),
	(23, 45, 1924),
	(23, 46, 4993),
	(23, 47, 925),
	(23, 48, 1237),
	(24, 1, 2084),
	(24, 2, 2310),
	(24, 3, 1105),
	(24, 4, 2420),
	(24, 5, 252),
	(24, 6, 1398),
	(24, 7, 1329),
	(24, 8, 1389),
	(24, 9, 824),
	(24, 10, 919),
	(24, 11, 2016),
	(24, 12, 1883),
	(24, 13, 2007),
	(24, 14, 1338),
	(24, 15, 476),
	(24, 16, 1887),
	(24, 17, 2152),
	(24, 18, 2854),
	(24, 19, 2545),
	(24, 20, 2355),
	(24, 21, 3899),
	(24, 22, 966),
	(24, 23, 1885),
	(24, 24, 0),
	(24, 25, 1285),
	(24, 26, 1286),
	(24, 27, 1567),
	(24, 28, 3611),
	(24, 29, 1415),
	(24, 30, 963),
	(24, 31, 1265),
	(24, 32, 1272),
	(24, 33, 532),
	(24, 34, 2981),
	(24, 35, 1028),
	(24, 36, 778),
	(24, 37, 1161),
	(24, 38, 1099),
	(24, 39, 2822),
	(24, 40, 1432),
	(24, 41, 3854),
	(24, 42, 1907),
	(24, 43, 3129),
	(24, 44, 810),
	(24, 45, 942),
	(24, 46, 3112),
	(24, 47, 1206),
	(24, 48, 1108),
	(25, 1, 810),
	(25, 2, 2899),
	(25, 3, 220),
	(25, 4, 3058),
	(25, 5, 1361),
	(25, 6, 578),
	(25, 7, 662),
	(25, 8, 1273),
	(25, 9, 468),
	(25, 10, 1002),
	(25, 11, 899),
	(25, 12, 1399),
	(25, 13, 2628),
	(25, 14, 479),
	(25, 15, 1683),
	(25, 16, 670),
	(25, 17, 1574),
	(25, 18, 2869),
	(25, 19, 3591),
	(25, 20, 2359),
	(25, 21, 4936),
	(25, 22, 2183),
	(25, 23, 1380),
	(25, 24, 1285),
	(25, 25, 0),
	(25, 26, 395),
	(25, 27, 1148),
	(25, 28, 2336),
	(25, 29, 891),
	(25, 30, 1350),
	(25, 31, 677),
	(25, 32, 1908),
	(25, 33, 754),
	(25, 34, 1784),
	(25, 35, 1029),
	(25, 36, 703),
	(25, 37, 399),
	(25, 38, 2001),
	(25, 39, 1613),
	(25, 40, 180),
	(25, 41, 4813),
	(25, 42, 1955),
	(25, 43, 3934),
	(25, 44, 1296),
	(25, 45, 678),
	(25, 46, 4017),
	(25, 47, 503),
	(25, 48, 1642),
	(26, 1, 879),
	(26, 2, 3180),
	(26, 3, 523),
	(26, 4, 3331),
	(26, 5, 1429),
	(26, 6, 193),
	(26, 7, 1043),
	(26, 8, 1621),
	(26, 9, 610),
	(26, 10, 720),
	(26, 11, 730),
	(26, 12, 1790),
	(26, 13, 2897),
	(26, 14, 869),
	(26, 15, 1599),
	(26, 16, 972),
	(26, 17, 1199),
	(26, 18, 3240),
	(26, 19, 3749),
	(26, 20, 2725),
	(26, 21, 5105),
	(26, 22, 2243),
	(26, 23, 991),
	(26, 24, 1286),
	(26, 25, 395),
	(26, 26, 0),
	(26, 27, 1529),
	(26, 28, 2368),
	(26, 29, 1270),
	(26, 30, 1606),
	(26, 31, 291),
	(26, 32, 1622),
	(26, 33, 808),
	(26, 34, 1695),
	(26, 35, 1330),
	(26, 36, 931),
	(26, 37, 756),
	(26, 38, 1778),
	(26, 39, 1539),
	(26, 40, 347),
	(26, 41, 5013),
	(26, 42, 2307),
	(26, 43, 4176),
	(26, 44, 1523),
	(26, 45, 968),
	(26, 46, 4230),
	(26, 47, 141),
	(26, 48, 1357),
	(27, 1, 1629),
	(27, 2, 1968),
	(27, 3, 1015),
	(27, 4, 2143),
	(27, 5, 1441),
	(27, 6, 1720),
	(27, 7, 486),
	(27, 8, 323),
	(27, 9, 1099),
	(27, 10, 1914),
	(27, 11, 1956),
	(27, 12, 320),
	(27, 13, 1755),
	(27, 14, 673),
	(27, 15, 2040),
	(27, 16, 1090),
	(27, 17, 2722),
	(27, 18, 1723),
	(27, 19, 2985),
	(27, 20, 1221),
	(27, 21, 4236),
	(27, 22, 2040),
	(27, 23, 2520),
	(27, 24, 1567),
	(27, 25, 1148),
	(27, 26, 1529),
	(27, 27, 0),
	(27, 28, 2896),
	(27, 29, 258),
	(27, 30, 816),
	(27, 31, 1779),
	(27, 32, 2695),
	(27, 33, 1241),
	(27, 34, 2637),
	(27, 35, 551),
	(27, 36, 863),
	(27, 37, 776),
	(27, 38, 2630),
	(27, 39, 2465),
	(27, 40, 1285),
	(27, 41, 4037),
	(27, 42, 857),
	(27, 43, 3071),
	(27, 44, 912),
	(27, 45, 706),
	(27, 46, 3232),
	(27, 47, 1604),
	(27, 48, 2459),
	(28, 1, 1528),
	(28, 2, 4856),
	(28, 3, 2538),
	(28, 4, 5033),
	(28, 5, 3696),
	(28, 6, 2329),
	(28, 7, 2626),
	(28, 8, 3194),
	(28, 9, 2803),
	(28, 10, 3030),
	(28, 11, 1707),
	(28, 12, 2890),
	(28, 13, 4651),
	(28, 14, 2482),
	(28, 15, 3965),
	(28, 16, 1871),
	(28, 17, 2407),
	(28, 18, 4265),
	(28, 19, 5823),
	(28, 20, 3904),
	(28, 21, 7120),
	(28, 22, 4516),
	(28, 23, 2507),
	(28, 24, 3611),
	(28, 25, 2336),
	(28, 26, 2368),
	(28, 27, 2896),
	(28, 28, 0),
	(28, 29, 2755),
	(28, 30, 3526),
	(28, 31, 2521),
	(28, 32, 3832),
	(28, 33, 3086),
	(28, 34, 866),
	(28, 35, 3163),
	(28, 36, 2994),
	(28, 37, 2585),
	(28, 38, 4081),
	(28, 39, 934),
	(28, 40, 2180),
	(28, 41, 6932),
	(28, 42, 3690),
	(28, 43, 5964),
	(28, 44, 3528),
	(28, 45, 2904),
	(28, 46, 6127),
	(28, 47, 2486),
	(28, 48, 3591),
	(29, 1, 1417),
	(29, 2, 2147),
	(29, 3, 758),
	(29, 4, 2319),
	(29, 5, 1324),
	(29, 6, 1461),
	(29, 7, 229),
	(29, 8, 451),
	(29, 9, 861),
	(29, 10, 1676),
	(29, 11, 1714),
	(29, 12, 546),
	(29, 13, 1914),
	(29, 14, 419),
	(29, 15, 1891),
	(29, 16, 904),
	(29, 17, 2464),
	(29, 18, 1978),
	(29, 19, 3080),
	(29, 20, 1472),
	(29, 21, 4364),
	(29, 22, 2000),
	(29, 23, 2261),
	(29, 24, 1415),
	(29, 25, 891),
	(29, 26, 1270),
	(29, 27, 258),
	(29, 28, 2755),
	(29, 29, 0),
	(29, 30, 816),
	(29, 31, 1523),
	(29, 32, 2483),
	(29, 33, 1033),
	(29, 34, 2437),
	(29, 35, 475),
	(29, 36, 664),
	(29, 37, 519),
	(29, 38, 2443),
	(29, 39, 2263),
	(29, 40, 1031),
	(29, 41, 4184),
	(29, 42, 1088),
	(29, 43, 3238),
	(29, 44, 873),
	(29, 45, 496),
	(29, 46, 3378),
	(29, 47, 1347),
	(29, 48, 2240),
	(30, 1, 2085),
	(30, 2, 1575),
	(30, 3, 1135),
	(30, 4, 1724),
	(30, 5, 755),
	(30, 6, 1788),
	(30, 7, 902),
	(30, 8, 526),
	(30, 9, 1002),
	(30, 10, 1657),
	(30, 11, 2248),
	(30, 12, 1075),
	(30, 13, 1291),
	(30, 14, 1049),
	(30, 15, 1384),
	(30, 16, 1655),
	(30, 17, 2751),
	(30, 18, 1899),
	(30, 19, 2298),
	(30, 20, 1394),
	(30, 21, 3617),
	(30, 22, 1226),
	(30, 23, 2504),
	(30, 24, 963),
	(30, 25, 1350),
	(30, 26, 1606),
	(30, 27, 816),
	(30, 28, 3526),
	(30, 29, 816),
	(30, 30, 0),
	(30, 31, 1755),
	(30, 32, 2226),
	(30, 33, 927),
	(30, 34, 3104),
	(30, 35, 364),
	(30, 36, 675),
	(30, 37, 985),
	(30, 38, 2059),
	(30, 39, 2931),
	(30, 40, 1528),
	(30, 41, 3473),
	(30, 42, 944),
	(30, 43, 2585),
	(30, 44, 154),
	(30, 45, 673),
	(30, 46, 2673),
	(30, 47, 1612),
	(30, 48, 2037),
	(31, 1, 1098),
	(31, 2, 3326),
	(31, 3, 764),
	(31, 4, 3469),
	(31, 5, 1449),
	(31, 6, 198),
	(31, 7, 1300),
	(31, 8, 1839),
	(31, 9, 761),
	(31, 10, 509),
	(31, 11, 821),
	(31, 12, 2054),
	(31, 13, 3035),
	(31, 14, 1137),
	(31, 15, 1498),
	(31, 16, 1258),
	(31, 17, 997),
	(31, 18, 3472),
	(31, 19, 3792),
	(31, 20, 2953),
	(31, 21, 5149),
	(31, 22, 2231),
	(31, 23, 760),
	(31, 24, 1265),
	(31, 25, 677),
	(31, 26, 291),
	(31, 27, 1779),
	(31, 28, 2521),
	(31, 29, 1523),
	(31, 30, 1755),
	(31, 31, 0),
	(31, 32, 1374),
	(31, 33, 870),
	(31, 34, 1783),
	(31, 35, 1519),
	(31, 36, 1092),
	(31, 37, 1004),
	(31, 38, 1570),
	(31, 39, 1641),
	(31, 40, 637),
	(31, 41, 5081),
	(31, 42, 2523),
	(31, 43, 4283),
	(31, 44, 1653),
	(31, 45, 1165),
	(31, 46, 4313),
	(31, 47, 177),
	(31, 48, 1112),
	(32, 1, 2471),
	(32, 2, 3525),
	(32, 3, 1859),
	(32, 4, 3613),
	(32, 5, 1512),
	(32, 6, 1571),
	(32, 7, 2318),
	(32, 8, 2592),
	(32, 9, 1645),
	(32, 10, 910),
	(32, 11, 2136),
	(32, 12, 3014),
	(32, 13, 3225),
	(32, 14, 2233),
	(32, 15, 990),
	(32, 16, 2569),
	(32, 17, 1639),
	(32, 18, 4123),
	(32, 19, 3440),
	(32, 20, 3619),
	(32, 21, 4710),
	(32, 22, 1856),
	(32, 23, 1422),
	(32, 24, 1272),
	(32, 25, 1908),
	(32, 26, 1622),
	(32, 27, 2695),
	(32, 28, 3832),
